Dice Score: 0.95062172
Precision : 0.93265456
Recall    : 0.90897565
Iou       : 0.85317023
